2
3
4
5
6
7
8
9
10
11
13
15 Spanish
16
17 Spanish
18 Spanish
19
20 Spanish
21
24
26
27
28
29
30
31
32
33
34
35 Spanish
36
37
38
39
40
41
42
43
44
45
46
49
50
51
52
53
54
55
56
57
58 Spanish
59
60
61
62
63
64
65
66
67
68
69
70
71
73
74
75
76
77
79
81
83
84
86
87
88
89
91
92
93
94
95
96
97
101 x
103 x
112 x
117 x
119
120
121 x
126 x
128
130
131
133
134
135
137
141
145
165 x
168
169
172 x
174
175
179
180
182
184
185
187
208
209
211 x
218
226
227
229
252
255
256
257
263
264 x
266
286
291
292
295
297
302
303
308
310
315
325
331
370
372
373
374
376
384
385
401
403
405
406
408
416
440 Spanish
442 Spanish
444 Spanish
465
511
512
513
514
515
516
517 Spanish
518
625
627
1226 Spanish
1231
1233
1240
1245
1250
1275
1276
1277
1288 Spanish
1352
1354
1355
1356
1357
1390
1450 Filipino
1454
1490 Korean
