No signal:

12
22
100
161
163
178
186
207
210
216
250
253
262
267
268
285
287
288
290
299
307
311
312
316
371
375
377
378
379
380
381
382
388
389
392
393
394
395
396
397
398
399
1255
1289
1390 (Community Access)
1401
1422
1423
1424
1425
1452
1453
1458
1483
1500
1516
1531
1532
1533
1539
1540
1541
1542
1553
1554
1557
1800
1801
1804
1806
1808
1810
1814
1827
1829
1846
1847
1848
1849
1900
2999

Foreign Language:

15
17
18
20
58
440
441
442
444
517
1224
1226
1228
1229
1232
1288
1450 (filipino)
1468

Religious:

460
463

Shopping:

159
176
188
194
1310

Duplicates:

2 == 104
5 == 1206
6 == 1212
7 == 1203
8 == 1209
9 == 1230
10 == 1241 == 1465 == 1200
11 == 1221
13 == 1215
15 == 1229
17 == 1224 == 1468
18 == 1232
20 == 1228
21 == 225
24 == 85? no signal?
26 == 201
28 == 204
20 == 300
30 == 301
31 == 320
32 == 170
33 == 258
35 == 318
36 == 118
37 == 202
38 == 116
40 == 167
41 == 314
43 == 105
44 == 106
45 == 102
49 == 205
50 == 203
51 == 162
52 == 108
53 == 160
55 == 166
56 == 107
57 == 111
58 == 441
59 == 631
60 == 113
61 == 322
63 == 251
64 == 132
66 == 293
67 == 122
68 == 630
70 == 181
71 == 72 (and 72 does not tune in)
71 == 125
76 == 306
77 == 138
79 == 136
81 == 110
83 == 206
84 == 164 == 214
86 == 140
87 == 461
88 == 123
89 == 629
91 == 173
92 == 171
93 == 400
94 == 254
95 == 265
96 == 177
97 == 632

625 /= 1356

More duplicates:

34 == 101
27 == 103
39 == 112
42 == 117
65 == 121
3 == 126
69 == 165
54 == 172
46 == 211
62 == 264
